# oST version 5.0 parameters


[image]

width
1280

height
720

[usb_cam_redmi]

camera matrix
985.721465 0.000000 634.496535
0.000000 996.520774 377.093245
0.000000 0.000000 1.000000

distortion
0.122454 -0.340786 -0.000751 0.000447 0.000000

rectification
1.000000 0.000000 0.000000
0.000000 1.000000 0.000000
0.000000 0.000000 1.000000

projection
974.614258 0.000000 633.706747 0.000000
0.000000 1006.069580 376.194118 0.000000
0.000000 0.000000 1.000000 0.000000
