image_width: 1280
image_height: 720
camera_name: usb_cam_redmi
camera_matrix:
  rows: 3
  cols: 3
  data: [ 985.72147,    0.     ,  634.49654,
            0.     ,  996.52077,  377.09325,
            0.     ,    0.     ,    1.     ]
camera_model: plumb_bob
distortion_coefficients:
  rows: 1
  cols: 5
  data: [0.122454, -0.340786, -0.000751, 0.000447, 0.000000]
rectification_matrix:
  rows: 3
  cols: 3
  data: [ 1.,  0.,  0.,
          0.,  1.,  0.,
          0.,  0.,  1.]
projection_matrix:
  rows: 3
  cols: 4
  data: [  974.61426,     0.     ,   633.70675,     0.     ,
             0.     ,  1006.06958,   376.19412,     0.     ,
             0.     ,     0.     ,     1.     ,     0.     ]
